 W  DZVP-MOLOPT-SR-GTH DZVP-MOLOPT-SR-GTH-q14
 1
 2 0 3 6 3 2 2 1
      3.103253876757  0.441154908462 -0.046848871737  0.061298236069  0.516608286752 -0.857438192378 -0.104347730230  0.147146022027  0.063493654940
      2.893835485057  0.301691972314  0.288483139662  0.240334881954 -0.467840628709  0.847145939975  0.135920880880 -0.154506508676 -0.017539591740
      1.106150599362 -1.218290751007 -0.497581763775 -0.484396153573 -0.270577331119 -0.102821415305  0.396440765199 -0.271607294299 -0.299829989865
      0.501100356736 -0.518231686854 -0.399441949193  1.821350211035 -0.201524408230  0.202413605224  0.551980290722 -0.086061740572 -0.841712144112
      0.214446586103 -0.084224251837  0.243845988221 -3.376374627548 -0.022741809925  0.726346128053  0.520355492616 -0.074473115136 -0.801669560536
      0.074662878487 -0.194908755488  0.767604001481  1.871608065172  0.002782169859  1.071006452855  0.166409595366  1.370657399699  0.359000011573

 Se DZVP-MOLOPT-SR-GTH DZVP-MOLOPT-SR-GTH-q6
 1
 2 0 2 4 2 2 1
      1.465689267622  0.522315327760  0.109434486047  0.302629346132  0.397353185807  0.120897258750
      1.029752381010 -0.177617010578  0.919860707697 -0.349360567622 -0.410169822544 -0.291516752716
      0.303575471349 -1.057800048233 -1.719933785859 -0.653355185785 -0.626545135443 -1.069566209605
      0.107173147417 -0.299101385035  2.073037006457 -0.381186874482  2.208055478040 -0.296658894209

Se TZV2P-MOLOPT-PBE-GTH-q6 TZV2P-MOLOPT-GGA-GTH-q6
 1
 2 0 2 4 3 3 2
         1.24306159868882     5.51262405174909E-01     4.01916608549903E-01    -3.28641535112671E-01     1.55899541975521E-01     5.99761032384583E-01     1.99583844331977E-01     3.58839416521650E-01     4.25056634930123E-01
         1.07956022543905    -5.07123868214744E-01    -2.37382294316101E-01    -8.11815953951974E-01    -1.89280895546744E-01    -6.41218086918826E-01    -3.72672316771786E-01    -5.09467119331345E-01    -5.76173250473399E-01
         0.27773101440429    -3.10399478496646E-01    -3.92637209540509E-01     4.58522802224287E-01    -2.89752220645459E-01    -3.38630412456951E-01     8.90353537291257E-01    -7.72511118961092E-01     5.00519101150357E-01
         0.09112697663449    -5.85309581910889E-01     7.92432147127570E-01     1.50686555963764E-01    -9.25154974057790E-01     3.38312744070298E-01    -1.68973998078298E-01    -1.22082343326558E-01     4.86653749522633E-01

Se TZVP-MOLOPT-PBE-GTH-q6 TZVP-MOLOPT-GGA-GTH-q6
 1
 2 0 2 4 3 3 1
         1.24306159868882     5.51262405174909E-01     4.01916608549903E-01    -3.28641535112671E-01     1.55899541975521E-01     5.99761032384583E-01     1.99583844331977E-01     3.58839416521650E-01
         1.07956022543905    -5.07123868214744E-01    -2.37382294316101E-01    -8.11815953951974E-01    -1.89280895546744E-01    -6.41218086918826E-01    -3.72672316771786E-01    -5.09467119331345E-01
         0.27773101440429    -3.10399478496646E-01    -3.92637209540509E-01     4.58522802224287E-01    -2.89752220645459E-01    -3.38630412456951E-01     8.90353537291257E-01    -7.72511118961092E-01
         0.09112697663449    -5.85309581910889E-01     7.92432147127570E-01     1.50686555963764E-01    -9.25154974057790E-01     3.38312744070298E-01    -1.68973998078298E-01    -1.22082343326558E-01

Se DZVP-MOLOPT-PBE-GTH-q6 DZVP-MOLOPT-GGA-GTH-q6
 1
 2 0 2 4 2 2 1
         1.24306159868882     5.51262405174909E-01     4.01916608549903E-01     1.55899541975521E-01     5.99761032384583E-01     3.58839416521650E-01
         1.07956022543905    -5.07123868214744E-01    -2.37382294316101E-01    -1.89280895546744E-01    -6.41218086918826E-01    -5.09467119331345E-01
         0.27773101440429    -3.10399478496646E-01    -3.92637209540509E-01    -2.89752220645459E-01    -3.38630412456951E-01    -7.72511118961092E-01
         0.09112697663449    -5.85309581910889E-01     7.92432147127570E-01    -9.25154974057790E-01     3.38312744070298E-01    -1.22082343326558E-01

W TZV2P-MOLOPT-PBE-GTH-q14 TZV2P-MOLOPT-GGA-GTH-q14
 1
 2 0 3 6 4 3 3 2
         3.20263659299056     2.37643510953835E-01    -3.23773471293486E-01     2.39564951382230E-01     6.33146322957227E-01     6.46779603062378E-01    -8.10555082744891E-02     3.97337581111792E-02    -1.39259252232091E-01     1.01963762844129E-01    -6.88560802198294E-02     1.14185228637652E-02     1.40239462645562E-02
         2.97040404940362     2.54740194999295E-01     3.72928590425724E-01    -1.51620670636496E-01    -5.19469841336554E-01    -5.80279831417024E-01     9.77447611050305E-02    -2.22080455876961E-02     1.76140438396963E-01    -1.28500355847442E-01     7.87410473489325E-02     8.52424963020677E-03    -1.12214291868334E-02
         1.05448124604065    -8.59164030647697E-01    -1.72850633979106E-01     2.70614702539029E-02    -1.41014011484429E-01    -4.18511794134168E-01    -3.43163147029762E-01     2.34069758048605E-01     4.20650739410408E-01    -3.02878055899728E-01     1.57074897276845E-01    -2.00403191702734E-01    -6.78140162722491E-02
         0.44746215880808    -2.49340376166159E-01    -2.19476020254031E-01     7.11920815732520E-02    -2.66640807553640E-02    -2.61700186489321E-01     4.55196621842967E-03    -2.18825570605275E-01     5.97081569950216E-01    -4.43118290923295E-01     2.56893658911585E-01    -8.45775673815547E-01     5.35448829424181E-02
         0.17257219040800    -1.89757197935430E-01     3.67657793323838E-01    -7.55017457177087E-01     4.94433588151547E-01    -3.49134195624205E-02     8.45828558213605E-01    -3.08039887506413E-01     6.04349752446443E-01     4.50353442596322E-01    -6.56973548169758E-01    -4.92482337585070E-01     2.06087087559868E-02
         0.05779644756030    -2.05649570482098E-01     7.36800982358444E-01     5.86317158210281E-01     2.53409391968108E-01    -9.66467845379611E-03     3.88160212398637E-01     8.94631866690941E-01     2.25586652101294E-01     6.94394621133407E-01     6.83211218687808E-01     4.19544039143957E-02     9.95884980451706E-01

W TZVP-MOLOPT-PBE-GTH-q14 TZVP-MOLOPT-GGA-GTH-q14
 1
 2 0 3 6 4 3 3 1
         3.20263659299056     2.37643510953835E-01    -3.23773471293486E-01     2.39564951382230E-01     6.33146322957227E-01     6.46779603062378E-01    -8.10555082744891E-02     3.97337581111792E-02    -1.39259252232091E-01     1.01963762844129E-01    -6.88560802198294E-02     1.14185228637652E-02
         2.97040404940362     2.54740194999295E-01     3.72928590425724E-01    -1.51620670636496E-01    -5.19469841336554E-01    -5.80279831417024E-01     9.77447611050305E-02    -2.22080455876961E-02     1.76140438396963E-01    -1.28500355847442E-01     7.87410473489325E-02     8.52424963020677E-03
         1.05448124604065    -8.59164030647697E-01    -1.72850633979106E-01     2.70614702539029E-02    -1.41014011484429E-01    -4.18511794134168E-01    -3.43163147029762E-01     2.34069758048605E-01     4.20650739410408E-01    -3.02878055899728E-01     1.57074897276845E-01    -2.00403191702734E-01
         0.44746215880808    -2.49340376166159E-01    -2.19476020254031E-01     7.11920815732520E-02    -2.66640807553640E-02    -2.61700186489321E-01     4.55196621842967E-03    -2.18825570605275E-01     5.97081569950216E-01    -4.43118290923295E-01     2.56893658911585E-01    -8.45775673815547E-01
         0.17257219040800    -1.89757197935430E-01     3.67657793323838E-01    -7.55017457177087E-01     4.94433588151547E-01    -3.49134195624205E-02     8.45828558213605E-01    -3.08039887506413E-01     6.04349752446443E-01     4.50353442596322E-01    -6.56973548169758E-01    -4.92482337585070E-01
         0.05779644756030    -2.05649570482098E-01     7.36800982358444E-01     5.86317158210281E-01     2.53409391968108E-01    -9.66467845379611E-03     3.88160212398637E-01     8.94631866690941E-01     2.25586652101294E-01     6.94394621133407E-01     6.83211218687808E-01     4.19544039143957E-02

W DZVP-MOLOPT-PBE-GTH-q14 DZVP-MOLOPT-GGA-GTH-q14
 1
 2 0 3 6 3 2 2 1
         3.20263659299056     2.37643510953835E-01    -3.23773471293486E-01     2.39564951382230E-01     6.46779603062378E-01    -8.10555082744891E-02    -1.39259252232091E-01     1.01963762844129E-01     1.14185228637652E-02
         2.97040404940362     2.54740194999295E-01     3.72928590425724E-01    -1.51620670636496E-01    -5.80279831417024E-01     9.77447611050305E-02     1.76140438396963E-01    -1.28500355847442E-01     8.52424963020677E-03
         1.05448124604065    -8.59164030647697E-01    -1.72850633979106E-01     2.70614702539029E-02    -4.18511794134168E-01    -3.43163147029762E-01     4.20650739410408E-01    -3.02878055899728E-01    -2.00403191702734E-01
         0.44746215880808    -2.49340376166159E-01    -2.19476020254031E-01     7.11920815732520E-02    -2.61700186489321E-01     4.55196621842967E-03     5.97081569950216E-01    -4.43118290923295E-01    -8.45775673815547E-01
         0.17257219040800    -1.89757197935430E-01     3.67657793323838E-01    -7.55017457177087E-01    -3.49134195624205E-02     8.45828558213605E-01     6.04349752446443E-01     4.50353442596322E-01    -4.92482337585070E-01
         0.05779644756030    -2.05649570482098E-01     7.36800982358444E-01     5.86317158210281E-01    -9.66467845379611E-03     3.88160212398637E-01     2.25586652101294E-01     6.94394621133407E-01     4.19544039143957E-02

 V  DZVP-MOLOPT-SR-GTH DZVP-MOLOPT-SR-GTH-q13
 1
 2 0 3 6 3 2 2 1
      7.984623749528  0.020761670278  0.003472483927  0.004588768658 -0.127318262252  0.022347856999  0.054932269310 -0.022459138650 -0.026581274918
      4.192169946044  0.491008828907  0.116393516673  0.265023422395  0.142383719999 -0.034743188380  0.194803913356 -0.101116586232  0.051515222079
      1.674403287155 -0.682491382781 -0.215217539970  0.055753124298  0.556224679524 -0.168852773516  0.318207922138 -0.120777522887 -0.165483508295
      0.666664577236 -0.670820374730 -0.436714762412  1.571857662805  0.483736882428 -0.212388638969  0.350513304180 -0.254635388920 -0.672649310115
      0.242419878750 -0.048891386418  0.104274844115 -2.575720417590  0.086227000831  0.567082913076  0.324484835051  0.328826511242 -0.518402997758
      0.067390273084 -0.000084103227  1.134107947863  1.490359925888 -0.004719320688  0.737649031611  0.134088585517  0.919495386218  0.651022121928

V DZVP-MOLOPT-SR-GTH_robust_1
 1
2 0 3 7 3 2 2 1
      7.984623749528  0.020761670278  0.003472483927  0.004588768658 -0.127318262252  0.022347856999  0.054932269310 -0.022459138650 -0.026581274918
      4.192169946044  0.491008828907  0.116393516673  0.265023422395  0.142383719999 -0.034743188380  0.194803913356 -0.101116586232  0.051515222079
      1.674403287155 -0.682491382781 -0.215217539970  0.055753124298  0.556224679524 -0.168852773516  0.318207922138 -0.120777522887 -0.165483508295
      0.666664577236 -0.670820374730 -0.436714762412  1.571857662805  0.483736882428 -0.212388638969  0.350513304180 -0.254635388920 -0.672649310115
      0.242419878750 -0.048891386418  0.104274844115 -2.575720417590  0.086227000831  0.567082913076  0.324484835051  0.328826511242 -0.518402997758
      0.12 -0.0004355165885096693 5.872816562139711 7.717616716113228 -0.02443833036419477 3.8198105022139512 0.6943586519272429 4.761475962819407 3.3712253821890634 
      0.13999999999999999 0.0003542337671863567 -4.776740977697546 -6.277236080500045 0.019877272317633525 -3.106898565603582 -0.564766733437908 -3.87281589766438 -2.7420353177674275 

Se DZVP-MOLOPT-SR-GTH_robust_1
 1
2 0 2 4 2 2 1
      1.465689267622  0.522315327760  0.109434486047  0.302629346132  0.397353185807  0.120897258750
      1.029752381010 -0.177617010578  0.919860707697 -0.349360567622 -0.410169822544 -0.291516752716
      0.303575471349 -1.057800048233 -1.719933785859 -0.653355185785 -0.626545135443 -1.069566209605
      0.107173147417 -0.299101385035  2.073037006457 -0.381186874482  2.208055478040 -0.296658894209

Nb DZVP-MOLOPT-SR-GTH_robust_1
 1
2 0 3 8 3 2 2 1
      3.445688332127  6.967608357644 -3.377478792599  8.753281549590 -0.840846380047  0.156868559129  0.388363778921  0.459373932984  0.464314945457
      3.361754070289 -7.592191163341  3.690016909917 -8.926202800310  0.956420493475 -0.211987417412 -0.389233499416 -0.467868954158 -0.427447517961
      1.402769349742  0.489341601567 -0.310828636726  0.633972204920 -0.276255708969  0.225373426671 -0.232772054682 -0.169379157593 -0.197717184453
      0.638107530614  0.749244219846 -0.462987145063 -0.111601241388 -0.340280885378  0.183794395021 -0.367470032847 -0.323135603674 -0.588178917976
      0.297916452528  0.168228854756 -0.275959272761  1.410604379810 -0.120882245268 -0.165885709655 -0.373135144785  0.023106426168 -0.476010923425
      0.134531184887 -0.010188517089  0.576706104059 -3.231399119388 -0.004779969154 -0.336057891318 -0.185455779821 -0.086482885111 -0.466998469570
      0.12 0.04491004376096207 4.505336048595161 15.1135748050348 -0.0015122477752168677 -5.611780974224623 -0.27938912736699817 8.07398800268662 4.6294578668283135 
      0.13999999999999999 -0.03899745828248264 -3.912190679190092 -13.123812706476402 0.0013131543545290376 4.872967739634783 0.24260644004414428 -7.011015441978534 -4.019971367497967 

Ta DZVP-MOLOPT-SR-GTH_robust_1
 1
2 0 3 7 3 2 2 1
      2.946055777701  0.481243902001 -0.039175358113 -0.219388739489  0.388448534264 -0.107938517042 -0.093115240785 -0.050799537716  0.071927166904
      2.777081321651 -0.000792758352  0.308251777475  0.403285867163 -0.366342974440  0.047342767090  0.111690390706  0.051196996245 -0.015240206083
      1.000199049661 -0.863712437729 -0.568363162228 -0.077743160108 -0.156083711841 -0.041740097950  0.225370492392 -0.295019586907 -0.470524112950
      0.459026245077 -0.356339626223 -0.406417265286  1.717095624131 -0.108217872947  0.095987055932  0.293416264804 -0.181398283746 -0.645020041639
      0.201289293145 -0.023090355735  0.248901497428 -3.203010923833 -0.015667426694  0.541275844761  0.298377389246 -0.083413162524 -0.819326850350
      0.12 -0.08251706959360006 4.514814623315554 11.867763295013853 0.0008791275056199545 5.4472166218718865 0.5471521738060819 6.6635992904243935 4.269070329860353 
      0.13999999999999999 0.06771919163429996 -3.7051678904186223 -9.73950409053167 -0.0007214725912743658 -4.470361200498768 -0.44903076531418207 -5.468608610859268 -3.5034931947042818 

W DZVP-MOLOPT-SR-GTH_robust_1
 1
2 0 3 7 3 2 2 1
      3.103253876757  0.441154908462 -0.046848871737  0.061298236069  0.516608286752 -0.857438192378 -0.104347730230  0.147146022027  0.063493654940
      2.893835485057  0.301691972314  0.288483139662  0.240334881954 -0.467840628709  0.847145939975  0.135920880880 -0.154506508676 -0.017539591740
      1.106150599362 -1.218290751007 -0.497581763775 -0.484396153573 -0.270577331119 -0.102821415305  0.396440765199 -0.271607294299 -0.299829989865
      0.501100356736 -0.518231686854 -0.399441949193  1.821350211035 -0.201524408230  0.202413605224  0.551980290722 -0.086061740572 -0.841712144112
      0.214446586103 -0.084224251837  0.243845988221 -3.376374627548 -0.022741809925  0.726346128053  0.520355492616 -0.074473115136 -0.801669560536
      0.12 -0.860127009545943 3.387415473749722 8.259355225515117 0.012277639528706856 4.726322197236004 0.7343609950386264 6.0486736337901625 1.5842572367163594 
      0.13999999999999999 0.6699925318621954 -2.6386138843899754 -6.4335920831196125 -0.009563618746808226 -3.681549980617721 -0.5720275923279092 -4.711590401573957 -1.2340509080268605 

# Vanadium def2-SVP-RIFIT (9s,9p,6d,4f,3g,2h) -> [9s,9p,6d,4f,3g,2h]
V def2-SVP-RIFIT
    33
1 0 0 1 1
     18.4195                 1.0000000
1 0 0 1 1
      9.07184                1.0000000
1 0 0 1 1
      4.26702                1.0000000
1 0 0 1 1
      1.87285                1.0000000
1 0 0 1 1
      1.081                  1.0000000
1 0 0 1 1
      0.52                   1.0000000
1 0 0 1 1
      0.2396                 1.0000000
1 0 0 1 1
      0.126015               1.0000000
1 0 0 1 1
      0.0608133              1.0000000
1 1 1 1 1
     45.4577                 1.0000000
1 1 1 1 1
     15.161                  1.0000000
1 1 1 1 1
      7.58065                1.0000000
1 1 1 1 1
      2.80675                1.0000000
1 1 1 1 1
      1.50683                1.0000000
1 1 1 1 1
      0.683468               1.0000000
1 1 1 1 1
      0.34172                1.0000000
1 1 1 1 1
      0.170872               1.0000000
1 1 1 1 1
      0.0787378              1.0000000
1 2 2 1 1
     20.6041                 1.0000000
1 2 2 1 1
      7.93551                1.0000000
1 2 2 1 1
      3.90435                1.0000000
1 2 2 1 1
      1.29505                1.0000000
1 2 2 1 1
      0.705963               1.0000000
1 2 2 1 1
      0.321548               1.0000000
1 3 3 1 1
      3.80111                1.0000000
1 3 3 1 1
      1.50266                1.0000000
1 3 3 1 1
      0.939418               1.0000000
1 3 3 1 1
      0.413568               1.0000000
1 4 4 1 1
      6.19809                1.0000000
1 4 4 1 1
      1.85393                1.0000000
1 4 4 1 1
      0.645377               1.0000000
1 5 5 1 1
      3.60589                1.0000000
1 5 5 1 1
      1.44948                1.0000000

# Selenium def2-SVP-RIFIT (10s,9p,8d,6f,4g) -> [10s,9p,7d,4f,3g]
Se def2-SVP-RIFIT
    33
1 0 0 1 1
     88.95366100             1.0000000
1 0 0 1 1
     39.13617000             1.0000000
1 0 0 1 1
     16.88057100             1.0000000
1 0 0 1 1
      6.76203200             1.0000000
1 0 0 1 1
      4.79770010             1.0000000
1 0 0 1 1
      2.07797730             1.0000000
1 0 0 1 1
       .57258705             1.0000000
1 0 0 1 1
       .36861789             1.0000000
1 0 0 1 1
       .19814574             1.0000000
1 0 0 1 1
       .10449039             1.0000000
1 1 1 1 1
     52.36678900             1.0000000
1 1 1 1 1
     31.90920200             1.0000000
1 1 1 1 1
      8.43609190             1.0000000
1 1 1 1 1
      3.83263960             1.0000000
1 1 1 1 1
      1.70513080             1.0000000
1 1 1 1 1
      1.00255520             1.0000000
1 1 1 1 1
       .52296061             1.0000000
1 1 1 1 1
       .27160705             1.0000000
1 1 1 1 1
       .09595807             1.0000000
1 2 2 2 1
    111.37879000             -.11378785
     41.34288900             1.50225621
1 2 2 1 1
     10.08701900             1.0000000
1 2 2 1 1
      3.46986870             1.0000000
1 2 2 1 1
      1.33963180             1.0000000
1 2 2 1 1
       .76154142             1.0000000
1 2 2 1 1
       .49294005             1.0000000
1 2 2 1 1
       .20587338             1.0000000
1 3 3 2 1
     98.67863700             -.40633906
     12.08261000             1.00454950
1 3 3 1 1
      2.73267160             1.0000000
1 3 3 1 1
      1.49264610             1.0000000
1 3 3 2 1
       .71106020             1.51108462
       .33015467              .23614718
1 4 4 2 1
     24.83552800             1.32344275
      8.05276810              .50893400
1 4 4 1 1
      2.95981490             1.0000000
1 4 4 1 1
       .76283655             1.0000000

# Niobium def2-SVP-RIFIT (8s,7p,6d,5f,3g,1h) -> [8s,7p,6d,5f,3g,1h]
Nb def2-SVP-RIFIT
    30
1 0 0 1 1
      4.45346                1.0000000
1 0 0 1 1
      2.8227                 1.0000000
1 0 0 1 1
      2.36143                1.0000000
1 0 0 1 1
      1.40758                1.0000000
1 0 0 1 1
      0.394309               1.0000000
1 0 0 1 1
      0.116609               1.0000000
1 0 0 1 1
      0.0773428              1.0000000
1 0 0 1 1
      0.0386068              1.0000000
1 1 1 1 1
      8.98997                1.0000000
1 1 1 1 1
      5.02577                1.0000000
1 1 1 1 1
      1.64497                1.0000000
1 1 1 1 1
      1.03835                1.0000000
1 1 1 1 1
      0.268497               1.0000000
1 1 1 1 1
      0.150666               1.0000000
1 1 1 1 1
      0.113857               1.0000000
1 2 2 1 1
      3.77535                1.0000000
1 2 2 1 1
      2.33502                1.0000000
1 2 2 1 1
      1.1477                 1.0000000
1 2 2 1 1
      0.620669               1.0000000
1 2 2 1 1
      0.244016               1.0000000
1 2 2 1 1
      0.15188                1.0000000
1 3 3 1 1
      1.99242                1.0000000
1 3 3 1 1
      1.29277                1.0000000
1 3 3 1 1
      0.392856               1.0000000
1 3 3 1 1
      0.268606               1.0000000
1 3 3 1 1
      0.12738                1.0000000
1 4 4 1 1
      2.05142                1.0000000
1 4 4 1 1
      1.04496                1.0000000
1 4 4 1 1
      0.220167               1.0000000
1 5 5 1 1
      0.969242               1.0000000

# Tantalum def2-SVP-RIFIT (8s,8p,7d,5f,3g,1h) -> [8s,8p,7d,5f,3g,1h]
Ta def2-SVP-RIFIT
    32
1 0 0 1 1
      4.60845                1.0000000
1 0 0 1 1
      3.21771                1.0000000
1 0 0 1 1
      2.08765                1.0000000
1 0 0 1 1
      1.53272                1.0000000
1 0 0 1 1
      0.596228               1.0000000
1 0 0 1 1
      0.373236               1.0000000
1 0 0 1 1
      0.120768               1.0000000
1 0 0 1 1
      0.0386379              1.0000000
1 1 1 1 1
     10.4136                 1.0000000
1 1 1 1 1
      4.55428                1.0000000
1 1 1 1 1
      3.33628                1.0000000
1 1 1 1 1
      1.76064                1.0000000
1 1 1 1 1
      0.88082                1.0000000
1 1 1 1 1
      0.209987               1.0000000
1 1 1 1 1
      0.144727               1.0000000
1 1 1 1 1
      0.0496447              1.0000000
1 2 2 1 1
      7.52552                1.0000000
1 2 2 1 1
      4.52375                1.0000000
1 2 2 1 1
      2.64115                1.0000000
1 2 2 1 1
      1.17963                1.0000000
1 2 2 1 1
      0.726413               1.0000000
1 2 2 1 1
      0.224363               1.0000000
1 2 2 1 1
      0.135997               1.0000000
1 3 3 1 1
      4.93289                1.0000000
1 3 3 1 1
      1.964                  1.0000000
1 3 3 1 1
      0.964079               1.0000000
1 3 3 1 1
      0.33308                1.0000000
1 3 3 1 1
      0.154108               1.0000000
1 4 4 1 1
      1.53095                1.0000000
1 4 4 1 1
      0.821254               1.0000000
1 4 4 1 1
      0.194886               1.0000000
1 5 5 1 1
      0.721713               1.0000000

# Tungsten def2-SVP-RIFIT (8s,8p,7d,5f,3g,1h) -> [8s,8p,7d,5f,3g,1h]
W def2-SVP-RIFIT
    32
1 0 0 1 1
      5.45793                1.0000000
1 0 0 1 1
      3.2875                 1.0000000
1 0 0 1 1
      2.10191                1.0000000
1 0 0 1 1
      1.46637                1.0000000
1 0 0 1 1
      0.648984               1.0000000
1 0 0 1 1
      0.364638               1.0000000
1 0 0 1 1
      0.208675               1.0000000
1 0 0 1 1
      0.087537               1.0000000
1 1 1 1 1
      9.57775                1.0000000
1 1 1 1 1
      4.12205                1.0000000
1 1 1 1 1
      2.93431                1.0000000
1 1 1 1 1
      1.93929                1.0000000
1 1 1 1 1
      0.96749                1.0000000
1 1 1 1 1
      0.269126               1.0000000
1 1 1 1 1
      0.13806                1.0000000
1 1 1 1 1
      0.0664247              1.0000000
1 2 2 1 1
      7.99716                1.0000000
1 2 2 1 1
      4.56158                1.0000000
1 2 2 1 1
      2.48417                1.0000000
1 2 2 1 1
      1.17975                1.0000000
1 2 2 1 1
      0.71909                1.0000000
1 2 2 1 1
      0.304026               1.0000000
1 2 2 1 1
      0.15416                1.0000000
1 3 3 1 1
      5.42892                1.0000000
1 3 3 1 1
      2.6254                 1.0000000
1 3 3 1 1
      1.28107                1.0000000
1 3 3 1 1
      0.470422               1.0000000
1 3 3 1 1
      0.183216               1.0000000
1 4 4 1 1
      1.74835                1.0000000
1 4 4 1 1
      0.914481               1.0000000
1 4 4 1 1
      0.265033               1.0000000
1 5 5 1 1
      0.87271                1.0000000






































# Vanadium def2-SVP-RIFIT (9s,9p,6d,4f,3g,2h) -> [9s,9p,6d,4f,3g,2h]
V def2-SVP-RIFIT-mod
    28
1 0 0 1 1
     18.4195                 1.0000000
1 0 0 1 1
      9.07184                1.0000000
1 0 0 1 1
      4.26702                1.0000000
1 0 0 1 1
      1.87285                1.0000000
1 0 0 1 1
      1.081                  1.0000000
1 0 0 1 1
      0.52                   1.0000000
1 0 0 1 1
      0.2396                 1.0000000
1 1 1 1 1
     15.161                  1.0000000
1 1 1 1 1
      7.58065                1.0000000
1 1 1 1 1
      2.80675                1.0000000
1 1 1 1 1
      1.50683                1.0000000
1 1 1 1 1
      0.683468               1.0000000
1 1 1 1 1
      0.34172                1.0000000
1 2 2 1 1
     20.6041                 1.0000000
1 2 2 1 1
      7.93551                1.0000000
1 2 2 1 1
      3.90435                1.0000000
1 2 2 1 1
      1.29505                1.0000000
1 2 2 1 1
      0.705963               1.0000000
1 2 2 1 1
      0.321548               1.0000000
1 3 3 1 1
      3.80111                1.0000000
1 3 3 1 1
      1.50266                1.0000000
1 3 3 1 1
      0.939418               1.0000000
1 3 3 1 1
      0.413568               1.0000000
1 4 4 1 1
      6.19809                1.0000000
1 4 4 1 1
      1.85393                1.0000000
1 4 4 1 1
      0.645377               1.0000000
1 5 5 1 1
      3.60589                1.0000000
1 5 5 1 1
      1.44948                1.0000000

# Selenium def2-SVP-RIFIT (10s,9p,8d,6f,4g) -> [10s,9p,7d,4f,3g]
Se def2-SVP-RIFIT-mod
    21
1 0 0 1 1
      4.79770010             1.0000000
1 0 0 1 1
      2.07797730             1.0000000
1 0 0 1 1
       .57258705             1.0000000
1 0 0 1 1
       .36861789             1.0000000
1 0 0 1 1
       .19814574             1.0000000
1 1 1 1 1
      3.83263960             1.0000000
1 1 1 1 1
      1.70513080             1.0000000
1 1 1 1 1
      1.00255520             1.0000000
1 1 1 1 1
       .52296061             1.0000000
1 1 1 1 1
       .27160705             1.0000000
1 2 2 1 1
      3.46986870             1.0000000
1 2 2 1 1
      1.33963180             1.0000000
1 2 2 1 1
       .76154142             1.0000000
1 2 2 1 1
       .49294005             1.0000000
1 2 2 1 1
       .20587338             1.0000000
1 3 3 1 1
      2.73267160             1.0000000
1 3 3 1 1
      1.49264610             1.0000000
1 3 3 1 1
       .71106020             1.51108462
1 3 3 1 1
       .33015467              .23614718
1 4 4 1 1
      2.95981490             1.0000000
1 4 4 1 1
       .76283655             1.0000000

Se def2-SVP-RIFIT-mod-1
    13
1 0 0 1 1
      2.07797730             1.0000000
1 0 0 1 1
       .57258705             1.0000000
1 0 0 1 1
       .36861789             1.0000000
1 0 0 1 1
       .19814574             1.0000000
1 1 1 1 1
      1.70513080             1.0000000
1 1 1 1 1
      1.00255520             1.0000000
1 1 1 1 1
       .52296061             1.0000000
1 1 1 1 1
       .27160705             1.0000000
1 2 2 1 1
      1.33963180             1.0000000
1 2 2 1 1
       .76154142             1.0000000
1 2 2 1 1
       .49294005             1.0000000
1 2 2 1 1
       .20587338             1.0000000
1 3 3 1 1
       .71106020             1.51108462

Se def2-SVP-RIFIT-mod-1-2
    13
1 0 0 1 1
      2.07797730             1.0000000
1 0 0 1 1
       .77258705             1.0000000
1 0 0 1 1
       .39861789             1.0000000
1 0 0 1 1
       .19814574             1.0000000
1 1 1 1 1
      1.70513080             1.0000000
1 1 1 1 1
      1.00255520             1.0000000
1 1 1 1 1
       .52296061             1.0000000
1 1 1 1 1
       .27160705             1.0000000
1 2 2 1 1
      1.73963180             1.0000000
1 2 2 1 1
       .96154142             1.0000000
1 2 2 1 1
       .47294005             1.0000000
1 2 2 1 1
       .23587338             1.0000000
1 3 3 1 1
       .71106020             1.51108462


# Selenium def2-SVP-RIFIT (10s,9p,8d,6f,4g) -> [10s,9p,7d,4f,3g]
Se def2-SVP-RIFIT-mod-2
    17
1 0 0 1 1
      4.79770010             1.0000000
1 0 0 1 1
      2.07797730             1.0000000
1 0 0 1 1
       .57258705             1.0000000
1 0 0 1 1
       .36861789             1.0000000
1 0 0 1 1
       .19814574             1.0000000
1 1 1 1 1
      3.83263960             1.0000000
1 1 1 1 1
      1.70513080             1.0000000
1 1 1 1 1
      1.00255520             1.0000000
1 1 1 1 1
       .52296061             1.0000000
1 1 1 1 1
       .27160705             1.0000000
1 2 2 1 1
      1.33963180             1.0000000
1 2 2 1 1
       .76154142             1.0000000
1 2 2 1 1
       .49294005             1.0000000
1 2 2 1 1
       .20587338             1.0000000
1 3 3 1 1
      1.49264610             1.0000000
1 3 3 1 1
       .71106020             1.51108462
1 3 3 1 1 
       .33015467              .23614718

Se def2-SVP-RIFIT-mod-3
    12
1 0 0 1 1
      2.07797730             1.0000000
1 0 0 1 1
       .57258705             1.0000000
1 0 0 1 1
       .36861789             1.0000000
1 0 0 1 1
       .22814574             1.0000000
1 1 1 1 1
      1.70513080             1.0000000
1 1 1 1 1
      1.00255520             1.0000000
1 1 1 1 1
       .52296061             1.0000000
1 1 1 1 1
       .27160705             1.0000000
1 2 2 1 1
      1.33963180             1.0000000
1 2 2 1 1
       .49294005             1.0000000
1 2 2 1 1
       .25587338             1.0000000
1 3 3 1 1
       .71106020             1.51108462

Se def2-SVP-RIFIT-mod-4
    10
1 0 0 1 1
      2.07797730             1.0000000
1 0 0 1 1
       .57258705             1.0000000
1 0 0 1 1
       .36861789             1.0000000
1 0 0 1 1
       .22814574             1.0000000
1 1 1 1 1
      1.70513080             1.0000000
1 1 1 1 1
      1.00255520             1.0000000
1 1 1 1 1
       .52296061             1.0000000
1 1 1 1 1
       .27160705             1.0000000
1 2 2 1 1
      1.33963180             1.0000000
1 2 2 1 1
       .33294005             1.0000000

Se def2-SVP-RIFIT-mod-5
    7
1 0 0 1 1
      2.07797730             1.0000000
1 0 0 1 1
       .57258705             1.0000000
1 0 0 1 1
       .36861789             1.0000000
1 0 0 1 1
       .22814574             1.0000000
1 1 1 1 1
      1.70513080             1.0000000
1 1 1 1 1
       .52296061             1.0000000
1 2 2 1 1
       .33294005             1.0000000



# Niobium def2-SVP-RIFIT (8s,7p,6d,5f,3g,1h) -> [8s,7p,6d,5f,3g,1h]
Nb def2-SVP-RIFIT-mod-1-2
    22
1 0 0 1 1
      4.45346                1.0000000
1 0 0 1 1
      2.36143                1.0000000
1 0 0 1 1
      1.40758                1.0000000
1 0 0 1 1
      0.394309               1.0000000
1 0 0 1 1
      0.2               1.0000000
1 1 1 1 1
      5.02577                1.0000000
1 1 1 1 1
      1.64497                1.0000000
1 1 1 1 1
      1.03835                1.0000000
1 1 1 1 1
      0.268497               1.0000000
1 2 2 1 1
      3.77535                1.0000000
1 2 2 1 1
      2.33502                1.0000000
1 2 2 1 1
      1.1477                 1.0000000
1 2 2 1 1
      0.620669               1.0000000
1 2 2 1 1
      0.244016               1.0000000
1 3 3 1 1
      1.99242                1.0000000
1 3 3 1 1
      1.29277                1.0000000
1 3 3 1 1
      0.392856               1.0000000
1 3 3 1 1
      0.268606               1.0000000
1 4 4 1 1
      2.05142                1.0000000
1 4 4 1 1
      1.04496                1.0000000
1 4 4 1 1
      0.220167               1.0000000
1 5 5 1 1
      0.969242               1.0000000

# Tantalum def2-SVP-RIFIT (8s,8p,7d,5f,3g,1h) -> [8s,8p,7d,5f,3g,1h]
Ta def2-SVP-RIFIT-mod-1-2
   26
1 0 0 1 1
      4.60845                1.0000000
1 0 0 1 1
      3.21771                1.0000000
1 0 0 1 1
      2.08765                1.0000000
1 0 0 1 1
      1.53272                1.0000000
1 0 0 1 1
      0.596228               1.0000000
1 0 0 1 1
      0.373236               1.0000000
1 0 0 1 1
      0.2               1.0000000
1 1 1 1 1
      4.55428                1.0000000
1 1 1 1 1
      3.33628                1.0000000
1 1 1 1 1
      1.76064                1.0000000
1 1 1 1 1
      0.88082                1.0000000
1 1 1 1 1
      0.209987               1.0000000
1 2 2 1 1
      7.52552                1.0000000
1 2 2 1 1
      4.52375                1.0000000
1 2 2 1 1
      2.64115                1.0000000
1 2 2 1 1
      1.17963                1.0000000
1 2 2 1 1
      0.726413               1.0000000
1 2 2 1 1
      0.224363               1.0000000
1 3 3 1 1
      4.93289                1.0000000
1 3 3 1 1
      1.964                  1.0000000
1 3 3 1 1
      0.964079               1.0000000
1 3 3 1 1
      0.33308                1.0000000
1 4 4 1 1
      1.53095                1.0000000
1 4 4 1 1
      0.821254               1.0000000
1 4 4 1 1
      0.194886               1.0000000
1 5 5 1 1
      0.721713               1.0000000

# Tungsten def2-SVP-RIFIT (8s,8p,7d,5f,3g,1h) -> [8s,8p,7d,5f,3g,1h]
W def2-SVP-RIFIT-mod
    28
1 0 0 1 1
      5.45793                1.0000000
1 0 0 1 1
      3.2875                 1.0000000
1 0 0 1 1
      2.10191                1.0000000
1 0 0 1 1
      1.46637                1.0000000
1 0 0 1 1
      0.648984               1.0000000
1 0 0 1 1
      0.364638               1.0000000
1 0 0 1 1
      0.208675               1.0000000
1 1 1 1 1
      9.57775                1.0000000
1 1 1 1 1
      4.12205                1.0000000
1 1 1 1 1
      2.93431                1.0000000
1 1 1 1 1
      1.93929                1.0000000
1 1 1 1 1
      0.96749                1.0000000
1 1 1 1 1
      0.269126               1.0000000
1 2 2 1 1
      7.99716                1.0000000
1 2 2 1 1
      4.56158                1.0000000
1 2 2 1 1
      2.48417                1.0000000
1 2 2 1 1
      1.17975                1.0000000
1 2 2 1 1
      0.71909                1.0000000
1 2 2 1 1
      0.304026               1.0000000
1 3 3 1 1
      5.42892                1.0000000
1 3 3 1 1
      2.6254                 1.0000000
1 3 3 1 1
      1.28107                1.0000000
1 3 3 1 1
      0.470422               1.0000000
1 3 3 1 1
      0.253216               1.0000000
1 4 4 1 1
      1.74835                1.0000000
1 4 4 1 1
      0.914481               1.0000000
1 4 4 1 1
      0.265033               1.0000000
1 5 5 1 1
      0.87271                1.0000000

# Tungsten def2-SVP-RIFIT (8s,8p,7d,5f,3g,1h) -> [8s,8p,7d,5f,3g,1h]
W def2-SVP-RIFIT-mod-1
    16
1 0 0 1 1
      2.10191                1.0000000
1 0 0 1 1
      1.46637                1.0000000
1 0 0 1 1
      0.648984               1.0000000
1 0 0 1 1
      0.364638               1.0000000
1 0 0 1 1
      0.208675               1.0000000
1 1 1 1 1
      1.93929                1.0000000
1 1 1 1 1
      0.96749                1.0000000
1 1 1 1 1
      0.269126               1.0000000
1 2 2 1 1
      2.48417                1.0000000
1 2 2 1 1
      1.17975                1.0000000
1 2 2 1 1
      0.71909                1.0000000
1 2 2 1 1
      0.304026               1.0000000
1 3 3 1 1
      1.28107                1.0000000
1 3 3 1 1
      0.253216               1.0000000
1 4 4 1 1
      0.914481               1.0000000
1 4 4 1 1
      0.265033               1.0000000

# Tungsten def2-SVP-RIFIT (8s,8p,7d,5f,3g,1h) -> [8s,8p,7d,5f,3g,1h]
W def2-SVP-RIFIT-mod-1-2
    17
1 0 0 1 1
      2.10191                1.0000000
1 0 0 1 1
      1.46637                1.0000000
1 0 0 1 1
      0.758984               1.0000000
1 0 0 1 1
      0.384638               1.0000000
1 0 0 1 1
      0.208675               1.0000000
1 1 1 1 1
      1.93929                1.0000000
1 1 1 1 1
      0.96749                1.0000000
1 1 1 1 1
      0.5               1.0000000
1 1 1 1 1
      0.269126               1.0000000
1 2 2 1 1
      2.48417                1.0000000
1 2 2 1 1
      1.27975                1.0000000
1 2 2 1 1
      0.61909                1.0000000
1 2 2 1 1
      0.304026               1.0000000
1 3 3 1 1
      1.08107                1.0000000
1 3 3 1 1
      0.403216               1.0000000
1 4 4 1 1
      0.914481               1.0000000
1 4 4 1 1
      0.365033               1.0000000


# Tungsten def2-SVP-RIFIT (8s,8p,7d,5f,3g,1h) -> [8s,8p,7d,5f,3g,1h]
W def2-SVP-RIFIT-mod-2
    20
1 0 0 1 1
      3.2875                 1.0000000
1 0 0 1 1
      2.10191                1.0000000
1 0 0 1 1
      1.46637                1.0000000
1 0 0 1 1
      0.648984               1.0000000
1 0 0 1 1
      0.364638               1.0000000
1 0 0 1 1
      0.208675               1.0000000
1 1 1 1 1
      2.93431                1.0000000
1 1 1 1 1
      1.93929                1.0000000
1 1 1 1 1
      0.96749                1.0000000
1 1 1 1 1
      0.269126               1.0000000
1 2 2 1 1
      4.56158                1.0000000
1 2 2 1 1
      2.48417                1.0000000
1 2 2 1 1
      1.17975                1.0000000
1 2 2 1 1
      0.71909                1.0000000
1 2 2 1 1
      0.304026               1.0000000
1 3 3 1 1
      1.28107                1.0000000
1 3 3 1 1
      0.470422               1.0000000
1 3 3 1 1
      0.253216               1.0000000
1 4 4 1 1
      0.914481               1.0000000
1 4 4 1 1
      0.265033               1.0000000


# Tungsten def2-SVP-RIFIT (8s,8p,7d,5f,3g,1h) -> [8s,8p,7d,5f,3g,1h]
W def2-SVP-RIFIT-mod-3
    16
1 0 0 1 1
      2.10191                1.0000000
1 0 0 1 1
      1.46637                1.0000000
1 0 0 1 1
      0.648984               1.0000000
1 0 0 1 1
      0.424638               1.0000000
1 0 0 1 1
      0.238675               1.0000000
1 1 1 1 1
      1.93929                1.0000000
1 1 1 1 1
      0.96749                1.0000000
1 1 1 1 1
      0.269126               1.0000000
1 2 2 1 1
      2.48417                1.0000000
1 2 2 1 1
      1.17975                1.0000000
1 2 2 1 1
      0.71909                1.0000000
1 2 2 1 1
      0.304026               1.0000000
1 3 3 1 1
      1.28107                1.0000000
1 3 3 1 1
      0.253216               1.0000000
1 4 4 1 1
      0.914481               1.0000000
1 4 4 1 1
      0.365033               1.0000000

# Tungsten def2-SVP-RIFIT (8s,8p,7d,5f,3g,1h) -> [8s,8p,7d,5f,3g,1h]
W def2-SVP-RIFIT-mod-4
    14
1 0 0 1 1
      2.10191                1.0000000
1 0 0 1 1
      1.46637                1.0000000
1 0 0 1 1
      0.648984               1.0000000
1 0 0 1 1
      0.424638               1.0000000
1 0 0 1 1
      0.238675               1.0000000
1 1 1 1 1
      1.93929                1.0000000
1 1 1 1 1
      0.96749                1.0000000
1 1 1 1 1
      0.469126               1.0000000
1 1 1 1 1
      0.269126               1.0000000
1 2 2 1 1
      1.77975                1.0000000
1 2 2 1 1
      0.71909                1.0000000
1 2 2 1 1
      0.304026               1.0000000
1 3 3 1 1
      1.28107                1.0000000
1 3 3 1 1
      0.470422               1.0000000

# Tungsten def2-SVP-RIFIT (8s,8p,7d,5f,3g,1h) -> [8s,8p,7d,5f,3g,1h]
W def2-SVP-RIFIT-mod-5
    8
1 0 0 1 1
      2.10191                1.0000000
1 0 0 1 1
      1.46637                1.0000000
1 0 0 1 1
      0.648984               1.0000000
1 0 0 1 1
      0.424638               1.0000000
1 0 0 1 1
      0.238675               1.0000000
1 1 1 1 1
      0.96749                1.0000000
1 1 1 1 1
      0.469126               1.0000000
1 2 2 1 1
      0.71909                1.0000000


W cc-pVDZ-PP-RIFIT
    34
1 0 0 1 1
      3.7314400              1.0000000
1 0 0 1 1
      2.4371100              1.0000000
1 0 0 1 1
      1.2773400              1.0000000
1 0 0 1 1
      0.6338000              1.0000000
1 0 0 1 1
      0.2725800              1.0000000
1 0 0 1 1
      0.1156260              1.0000000
1 0 0 1 1
      0.0715280              1.0000000
1 0 0 1 1
      0.0328180              1.0000000
1 1 1 1 1
      6.9446400              1.0000000
1 1 1 1 1
      3.0038400              1.0000000
1 1 1 1 1
      1.6157000              1.0000000
1 1 1 1 1
      0.7376390              1.0000000
1 1 1 1 1
      0.5187800              1.0000000
1 1 1 1 1
      0.2528490              1.0000000
1 1 1 1 1
      0.1015480              1.0000000
1 1 1 1 1
      0.0386940              1.0000000
1 2 2 1 1
      3.1676500              1.0000000
1 2 2 1 1
      2.2845800              1.0000000
1 2 2 1 1
      1.1155500              1.0000000
1 2 2 1 1
      0.5122660              1.0000000
1 2 2 1 1
      0.2780390              1.0000000
1 2 2 1 1
      0.1262270              1.0000000
1 3 3 1 1
      4.4607200              1.0000000
1 3 3 1 1
      2.1956100              1.0000000
1 3 3 1 1
      0.7455030              1.0000000
1 3 3 1 1
      0.4234330              1.0000000
1 3 3 1 1
      0.1792610              1.0000000
1 3 3 1 1
      0.1038420              1.0000000
1 4 4 1 1
      1.7690600              1.0000000
1 4 4 1 1
      0.8258480              1.0000000
1 4 4 1 1
      0.3956320              1.0000000
1 4 4 1 1
      0.1691250              1.0000000
1 5 5 1 1
      1.4146900              1.0000000
1 5 5 1 1
      0.7350120              1.0000000

W RI-conv-1
    24
1 0 0 1 1
      3.7314400              1.0000000
1 0 0 1 1
      2.4371100              1.0000000
1 0 0 1 1
      1.2773400              1.0000000
1 0 0 1 1
      0.6338000              1.0000000
1 0 0 1 1
      0.2725800              1.0000000
1 0 0 1 1
      0.1756260              1.0000000
1 1 1 1 1
      6.9446400              1.0000000
1 1 1 1 1
      3.0038400              1.0000000
1 1 1 1 1
      1.6157000              1.0000000
1 1 1 1 1
      0.7376390              1.0000000
1 1 1 1 1
      0.5187800              1.0000000
1 1 1 1 1
      0.3328490              1.0000000
1 1 1 1 1
      0.1885480              1.0000000
1 2 2 1 1
      3.1676500              1.0000000
1 2 2 1 1
      2.2845800              1.0000000
1 2 2 1 1
      1.1155500              1.0000000
1 2 2 1 1
      0.5122660              1.0000000
1 2 2 1 1
      0.3380390              1.0000000
1 2 2 1 1
      0.2262270              1.0000000
1 3 3 1 1
      2.1956100              1.0000000
1 3 3 1 1
      0.7455030              1.0000000
1 3 3 1 1
      0.4234330              1.0000000
1 4 4 1 1
      0.8258480              1.0000000
1 4 4 1 1
      0.3956320              1.0000000


Se cc-pVDZ-RIFIT
    30
1 0 0 1 1
    273.44313690             1.0000000
1 0 0 1 1
     40.292837847            1.0000000
1 0 0 1 1
     20.8531028495234        1.0000000
1 0 0 1 1
     13.90206856634          1.0000000
1 0 0 1 1
      2.8775187476           1.0000000
1 0 0 1 1
      1.7496730713           1.0000000
1 0 0 1 1
      1.1534691952           1.0000000
1 0 0 1 1
      0.3627126338432        1.0000000
1 0 0 1 1
      0.241808422562         1.0000000
1 1 1 1 1
     69.058154609            1.0000000
1 1 1 1 1
     21.219802255            1.0000000
1 1 1 1 1
      7.8196803345           1.0000000
1 1 1 1 1
      2.3982477849           1.0000000
1 1 1 1 1
      1.3673273329           1.0000000
1 1 1 1 1
      0.66460903889          1.0000000
1 1 1 1 1
      0.30219067270          1.0000000
1 1 1 1 1
      0.16576839975          1.0000000
1 2 2 1 1
    118.99106300             1.0000000
1 2 2 1 1
     53.976418814            1.0000000
1 2 2 1 1
      8.5532297129           1.0000000
1 2 2 1 1
      2.7364851606           1.0000000
1 2 2 1 1
      1.2982932309           1.0000000
1 2 2 1 1
      0.64314089788          1.0000000
1 2 2 1 1
      0.26501598213          1.0000000
1 3 3 1 1
    103.04246903             1.0000000
1 3 3 1 1
     11.151380461            1.0000000
1 3 3 1 1
      2.0783234615           1.0000000
1 3 3 1 1
      0.62208018142          1.0000000
1 4 4 1 1
     15.038285259            1.0000000
1 4 4 1 1
      1.3858543304           1.0000000


Se RI-conv-1
    18
1 0 0 1 1
      2.8775187476           1.0000000
1 0 0 1 1
      1.7496730713           1.0000000
1 0 0 1 1
      1.1534691952           1.0000000
1 0 0 1 1
      0.3627126338432        1.0000000
1 0 0 1 1
      0.241808422562         1.0000000
1 1 1 1 1
      7.8196803345           1.0000000
1 1 1 1 1
      2.3982477849           1.0000000
1 1 1 1 1
      1.3673273329           1.0000000
1 1 1 1 1
      0.66460903889          1.0000000
1 1 1 1 1
      0.33219067270          1.0000000
1 1 1 1 1
      0.18576839975          1.0000000
1 2 2 1 1
      8.5532297129           1.0000000
1 2 2 1 1
      2.7364851606           1.0000000
1 2 2 1 1
      1.2982932309           1.0000000
1 2 2 1 1
      0.64314089788          1.0000000
1 2 2 1 1
      0.26501598213          1.0000000
1 3 3 1 1
      2.0783234615           1.0000000
1 3 3 1 1
      0.62208018142          1.0000000


# Vanadium def2-SVP-RIFIT (9s,9p,6d,4f,3g,2h) -> [9s,9p,6d,4f,3g,2h]
V def2-SVP-RIFIT-mod-1-2
    18
1 0 0 1 1
      4.26702                1.0000000
1 0 0 1 1
      1.87285                1.0000000
1 0 0 1 1
      1.081                  1.0000000
1 0 0 1 1
      0.52                   1.0000000
1 0 0 1 1
      0.2396                 1.0000000
1 1 1 1 1
      2.80675                1.0000000
1 1 1 1 1
      1.50683                1.0000000
1 1 1 1 1
      0.683468               1.0000000
1 1 1 1 1
      0.34172                1.0000000
1 2 2 1 1
      2.3                1.0000000
1 2 2 1 1
      1.29505                1.0000000
1 2 2 1 1
      0.705963               1.0000000
1 2 2 1 1
      0.321548               1.0000000
1 3 3 1 1
      1.50266                1.0000000
1 3 3 1 1
      0.939418               1.0000000
1 3 3 1 1
      0.413568               1.0000000
1 4 4 1 1
      0.645377               1.0000000
1 5 5 1 1
      1.44948                1.0000000

# Vanadium def2-SVP-RIFIT (9s,9p,6d,4f,3g,2h) -> [9s,9p,6d,4f,3g,2h]
V def2-SVP-RIFIT-mod-4
    15
1 0 0 1 1
      4.26702                1.0000000
1 0 0 1 1
      1.87285                1.0000000
1 0 0 1 1
      1.081                  1.0000000
1 0 0 1 1
      0.52                   1.0000000
1 0 0 1 1
      0.2396                 1.0000000
1 1 1 1 1
      2.80675                1.0000000
1 1 1 1 1
      1.50683                1.0000000
1 1 1 1 1
      0.683468               1.0000000
1 1 1 1 1
      0.34172                1.0000000
1 2 2 1 1
      3.90435                1.0000000
1 2 2 1 1
      1.39505                1.0000000
1 2 2 1 1
      0.705963               1.0000000
1 2 2 1 1
      0.321548               1.0000000
1 3 3 1 1
      1.30266                1.0000000
1 3 3 1 1
      0.413568               1.0000000

V TZVP-MOLOPT-SR-GTH_robust_1
 1
2 0 3 7 4 3 3 1
      7.98462375  0.02087541 -0.00975098  0.02120107  0.03099923 -0.17157839 -0.01684344  0.01682335  0.09036199 -0.01161683  0.09137089 -0.00318569
      4.19216995  0.42475532 -0.25067357  0.26611498  0.33725015  0.19107997 -0.00355376 -0.01871944  0.30728774  0.04029333  0.33566567 -0.01236813
      1.67440329 -0.60690412  0.29451036 -0.14319412 -0.33682980  0.66551468 -0.01422047  0.37747378  0.49587427  0.03394291  0.72419759 -0.18175053
      0.66666458 -0.61757168 -0.08479144  0.28100055  0.72222853  0.63922519 -0.06264901  0.02670691  0.67892663 -0.28749821 -0.52617981 -0.77180670
      0.24241988  0.09883238  0.10332899 -0.87706388  0.45031275  0.23669763  0.69335240 -0.66031685  0.43624695  0.41501290 -0.26308693 -0.58022549
      0.12 1.2647486391477545 4.724708556642585 1.2687126721865434 1.1280201551888134 -0.8430534063247189 3.7155900255585728 3.356552717239817 -0.08427896725524585 4.461204082073586 -0.47567226156563597 -0.9612294906920094 
      0.13999999999999999 -1.0287017625585344 -3.8429106538266136 -1.0319259666791178 -0.9174916548051888 0.6857097909997419 -3.0221293701589675 -2.7301011358841665 0.0685495279287317 -3.628585444025362 0.3868949755917535 0.7818300338037316 

Se TZVP-MOLOPT-SR-GTH_robust_1
 1
2 0 2 4 3 3 1
      1.46568927  0.35746341 -0.07509837  0.70630616  0.30323680  0.13592115  0.56497703  0.19401975
      1.02975238 -0.11260430  0.15209634 -0.59649191 -0.37290958 -0.18161402 -0.63166046 -0.46580330
      0.30357547 -0.77975852 -0.57237509  0.20198637 -0.83100444 -0.19074224  0.52205408 -0.80188089
      0.10717315 -0.50151453  0.80225538  0.32331180 -0.28003129  0.95507025 -0.09625780 -0.31995415

Nb TZVP-MOLOPT-SR-GTH_robust_1
 1
2 0 3 8 4 3 3 1
      3.44568833  0.65152503  0.03274545  0.17740792 -0.03971741 -0.59693251 -0.16931050 -0.13048668  0.47579788  0.02194201  0.06203351 -0.16885517
      3.36175407 -0.71963720  0.00231407 -0.14122214 -0.04998528  0.69128966  0.14823534  0.05282140 -0.46974081 -0.03356984 -0.13156195  0.21588772
      1.40276935 -0.01823940 -0.09251245  0.29771059 -0.06862805 -0.25254759  0.09266150  0.52362736 -0.35297668 -0.00426375  0.51841811 -0.21489662
      0.63810753  0.12570454 -0.29599227 -0.23023699 -0.00438006 -0.27749807  0.21661087 -0.16357433 -0.52175812 -0.25426356  0.18258558 -0.67964740
      0.29791645  0.01107664 -0.10454990 -0.07970808  0.98348642 -0.05780459 -0.17362750 -0.04045318 -0.32033589  0.06753858 -0.77448096 -0.56339484
      0.13453118  0.16182913  0.63646823 -0.69847987 -0.01685928  0.12211561 -0.57255530 -0.61384166 -0.22924099  0.69582747  0.25063704 -0.31498790
      0.12 -0.8793557224470973 4.977422684578028 3.9896478627678738 1.0975287054467464 0.5862033785674821 -5.222728052740417 3.9129250563113196 0.22212817945890634 4.759197762781483 -0.8474328394046838 -0.08683974210914829 
      0.13999999999999999 0.7635850485501346 -4.322125216495316 -3.464394873683015 -0.9530346916962701 -0.509027375222014 4.535135158520405 -3.3977729294600327 -0.19288412228043028 -4.13263047250121 0.7358649398665091 0.07540694510972992 

Ta TZVP-MOLOPT-SR-GTH_robust_1
 1
2 0 3 7 4 3 3 1
      2.94605578  0.37403950 -0.43613692  0.48388031  0.24009987  0.65701681 -0.17457013  0.14366655 -0.18240507  0.27565426  0.30794413 -0.16994254
      2.77708132  0.11249881  0.36185500 -0.50933171 -0.16392067 -0.61532404  0.16950953 -0.15209739  0.21325315 -0.31853827 -0.33005922  0.21422977
      1.00019905 -0.85508386  0.06145753  0.15561705  0.08726536 -0.32649732 -0.05624006  0.59217343  0.26222211 -0.20827203  0.61017069 -0.30098674
      0.45902625 -0.24886183 -0.18989330 -0.09034357  0.63383426 -0.20371262 -0.01549670  0.05519753  0.36157674 -0.50722250  0.43550519 -0.76790097
      0.20128929  0.22628750  0.39213474 -0.21933495  0.71142178  0.10090382  0.47195611 -0.63058986  0.80089111  0.19902533 -0.35485313 -0.47747801
      0.12 0.3008227090005315 3.744466143750377 3.508274289400222 0.000436053546265417 0.9528947201464354 4.5441996359695835 2.4330299429601383 1.5234983075520518 3.7330500017391333 1.769299519914798 -0.700351932894035 
      0.13999999999999999 -0.24687584231403154 -3.0729669190403923 -2.8791316092523123 -0.00035785558505859057 -0.7820110637735429 -3.7292833260507745 -1.9967120119993433 -1.250287683368511 -3.063598046310118 -1.452009094446409 0.5747570518327109 

W TZVP-MOLOPT-SR-GTH_robust_1
 1
2 0 3 7 4 3 3 1
      3.10325388  0.21798755 -0.46438057  0.40585382  0.40534198  0.66650902 -0.04446624  0.12315026 -0.00963329  0.01111486  0.41567558 -0.15862991
      2.89383549  0.26457102  0.38480425 -0.25744555 -0.48421334 -0.59960581  0.07183051 -0.10326378  0.03175508 -0.02581145 -0.46635587  0.20517697
      1.10615060 -0.82245012  0.04944887 -0.15584086  0.22579325 -0.35727819 -0.18736271  0.41780002  0.51490603 -0.32931474  0.20590641 -0.27242028
      0.50110036 -0.42957817 -0.13336299  0.06658581 -0.37660333 -0.25859098 -0.03295723  0.11955821  0.63723035 -0.44981410 -0.00474674 -0.77388941
      0.21444659  0.12284757  0.32604125 -0.53783797  0.61985512 -0.03979800  0.33970490 -0.79222476  0.45607500  0.50000990 -0.56361668 -0.50374793
      0.12 -0.35387745713768043 3.1506973716160513 2.9636477948846736 0.6865299727796983 0.05178724739704482 4.047619074444261 1.7524530773649183 1.5268098936707137 2.921972388568981 2.2049070731499407 -0.33779724725447224 
      0.13999999999999999 0.2756514426627576 -2.454223229997452 -2.3085217035636783 -0.534769801271405 -0.040339471103904165 -3.1528768355136183 -1.3650663788580517 -1.1893025152443097 -2.2760588109923443 -1.7175036255972445 0.2631258269072964 

V TZV2P-MOLOPT-SR-GTH_robust
 1
2 0 3 7 4 3 3 2
      7.98462375  0.02505071  0.00126526  0.02486659  0.02372600 -0.15556376 -0.02644929  0.07245827  0.10318547 -0.03622826  0.06839584 -0.00364917  0.00299781
      4.19216995  0.49704089 -0.06967192  0.28638067  0.21049186  0.17709356  0.00914813 -0.07350461  0.36979884 -0.06711415  0.27164423  0.00183989  0.03468424
      1.67440329 -0.71303504  0.08510777 -0.15587176 -0.31639176  0.73334521  0.16087161  0.15906824  0.62264289 -0.15001178  0.60121485 -0.11210686  0.26816801
      0.66666458 -0.47948319 -0.16778279  0.31582010  0.80017348  0.62472119  0.00388274 -0.15942285  0.52490962 -0.27653388 -0.66152931 -0.66273377  0.58308677
      0.24241988  0.11800418  0.05404557 -0.88013352  0.43649766 -0.06681632  0.48554995 -0.85430420  0.42376888  0.43383913 -0.33843659 -0.64313782 -0.23085957
      0.12 0.04476669766036548 5.065347107251155 0.708024045188361 0.8058747637565274 -0.5649304789429558 4.447251617881486 2.3661914415894083 0.5128206625231854 4.354110149849969 0.4606053111676469 -1.8996391487591402 -3.7826393529862807 
      0.13999999999999999 -0.03641164683772631 -4.1199739900184955 -0.5758816895900225 -0.655469999506308 0.4594944492711672 -3.617237003661655 -1.9245763396544593 -0.4171101696298456 -3.54147903139305 -0.37464005160840963 1.5450992237244277 3.076664919095968 

Se TZV2P-MOLOPT-SR-GTH
 1
2 0 2 4 3 3 2
      1.46568927  0.50910194  0.46381888  0.40374211  0.06018140  0.38581037  0.52905234  0.12461733 -0.21823624
      1.02975238 -0.24276257 -0.37517894 -0.43166157 -0.06912093 -0.47680943 -0.57993709 -0.27789859  0.55270049
      0.30357547 -0.72749256  0.01889416  0.66878102 -0.50318423 -0.65131119  0.56743920 -0.71686508  0.37178266
      0.10717315 -0.39068674  0.80234395 -0.45099062 -0.85930561  0.44676264 -0.24857462 -0.62717410 -0.71321298

Nb TZV2P-MOLOPT-SR-GTH_robust
 1
2 0 3 8 4 3 3 2
      3.44568833  0.65236776  0.11342887  0.13601039 -0.00952481 -0.63555807 -0.03550193 -0.04808300  0.47422424  0.06298342 -0.03584374 -0.16030502  0.36259456
      3.36175407 -0.71624045 -0.10558834 -0.10416061 -0.07072607  0.70624079 -0.00188818 -0.06317235 -0.48312281 -0.04106310 -0.04277455  0.18972948 -0.41943809
      1.40276935  0.01386039 -0.12578314  0.28428657  0.02550402 -0.12197628  0.13520382  0.64195491 -0.22298048 -0.30266346  0.60673141 -0.12196672  0.26030255
      0.63810753  0.14349662 -0.30032729 -0.15000304 -0.03619614 -0.24629895  0.25329357 -0.07013855 -0.44316998 -0.39816055  0.13102600 -0.55086651  0.39738926
      0.29791645 -0.02979760  0.13744675 -0.18037116  0.96902370 -0.10602667 -0.15171765 -0.09172904 -0.48028654  0.24386825 -0.62234673 -0.57044175 -0.10591695
      0.13453118  0.03238169  0.67971629 -0.62642824 -0.23166910 -0.09871826 -0.62034274 -0.50581784 -0.25037237  0.59718209  0.38403737 -0.50390853 -0.44917849
      0.12 -1.4034402999265558 4.450097354474642 4.745272243619661 0.11701033285682123 0.196883213076238 -5.087293073785131 3.9876780410888792 -0.3363281097232267 4.086687228806544 1.9770872603108438 -1.4383949675487908 -3.5952356261902527 
      0.13999999999999999 1.2186718095999036 -3.8642243607776976 -4.12053830325294 -0.10160545773979252 -0.17096275600181823 4.417530732528647 -3.46268438685272 0.2920491780926976 -3.548658621716303 -1.7167958689700022 1.2490245563803555 3.121908574762036 

Ta TZV2P-MOLOPT-SR-GTH_robust
 1
2 0 3 7 4 3 3 2
      2.94605578  0.61281357 -0.22749872  0.40715952  0.15984900  0.68276441 -0.04288212  0.12096142 -0.20022420  0.30284546  0.25708717 -0.10660858  0.20071241
      2.77708132 -0.12838442  0.26075925 -0.57100680 -0.09788083 -0.64110084  0.04347549 -0.14695234  0.23337197 -0.34436974 -0.26888356  0.13351793 -0.25230264
      1.00019905 -0.76083185 -0.06190088  0.41641676  0.13796142 -0.29082384 -0.12932734  0.66799231  0.29825143 -0.10127192  0.56675907 -0.16747568  0.38484414
      0.45902625 -0.09070072 -0.11895028  0.06649428  0.76786837 -0.19425146 -0.07052517 -0.00694251  0.39020206 -0.37054379  0.56611281 -0.59899439  0.52337988
      0.20128929  0.12636097  0.46361378 -0.27871241  0.58158355 -0.01532796  0.52451043 -0.55121604  0.77902178  0.16424187 -0.41878984 -0.64794105 -0.27316701
      0.12 0.37697522502991804 4.324887923984567 2.7020067670080934 -0.7206469142179501 0.08920579398799969 4.495660027993394 2.4847688358122 1.2874232609380947 4.216051711048451 1.1342419827183658 -2.1777895044233038 -3.397185616928953 
      0.13999999999999999 -0.3093718440339494 -3.549301024164324 -2.2174529268738072 0.5914125118733963 -0.07320842101066406 -3.6894483792659107 -2.0391725123907074 -1.0565482340570498 -3.4599825287882804 -0.9308371226423569 1.7872441215407393 2.787964590382591 

W TZV2P-MOLOPT-SR-GTH_robust
 1
2 0 3 7 4 3 3 2
      3.10325388  0.27252524 -0.46008580  0.33500717  0.42513071  0.66928841 -0.05122261 -0.11552274 -0.08674503 -0.04030406  0.35240075 -0.13183000  0.18454851
      2.89383549  0.20910638  0.40076627 -0.18019689 -0.53630948 -0.60903995  0.07327652  0.08677930  0.11899178  0.03012004 -0.38883862  0.17115052 -0.23321200
      1.10615060 -0.81337954  0.00556854 -0.17296081  0.25879001 -0.15457162 -0.22721265  0.59568619  0.46924817 -0.29824983  0.10922760 -0.22945029  0.30033170
      0.50110036 -0.42927000 -0.21086927  0.05122309 -0.38723926 -0.21675294 -0.04606716  0.15777962  0.65444244 -0.48584551  0.12538982 -0.71041864  0.39693735
      0.21444659  0.11507035  0.43740782 -0.51964451  0.54212606 -0.27893594  0.43702109 -0.61970099  0.52121013  0.61283245 -0.43740018 -0.59230381 -0.45950792
      0.12 -0.6678666735670619 2.762552476856983 3.280859187322487 0.6365832438277019 0.7948727285013524 3.814788438292111 2.0479144728377427 1.0643179740938937 2.4045879010987687 3.138011487798918 -0.937821176187341 -2.9690093799663053 
      0.13999999999999999 0.5202320983207241 -2.1518793026166962 -2.555612260452488 -0.4958639947154736 -0.619162961429989 -2.9715143342948487 -1.5952148618159494 -0.8290462675522782 -1.873044215103553 -2.4443416110779275 0.7305120881863563 2.3126980890126556 

