S DZVP-MOLOPT-SR-GTH_robust_1
 1
2 0 2 4 2 2 1
      2.215854692813  0.170962878400 -0.080726543800  0.092191824200  0.057845138800  0.113762894700
      1.131470525271  0.127069405600 -0.209877313900 -0.162197093800 -0.094737441500  0.350414093700
      0.410168143974 -0.733925381700  0.683497090800 -0.605594737600 -0.369172638100  0.866785684700
      0.140587330023 -0.176971633900 -0.625512739500 -0.213309789800  1.155699504700  0.217880463100

Mo DZVP-MOLOPT-SR-GTH_robust_1
 1
2 0 3 11 3 2 2 1
      2.540273246178 -0.578530819221  0.207479779241 -0.299914438061  0.307100812758 -0.056135943926 -0.149151531382  0.078318936957  0.090482429273
      1.999996221023  0.255133124027 -0.231957971109 -0.417466028636 -0.375633370985  0.137590516968  0.289650418561 -0.193587305622 -0.158221499177
      0.894040376874  0.676100594670  0.285544120446  0.515341081590 -0.244205356948  0.160869646404  0.207391250228 -0.376645017726 -0.294586192143
      0.439256605865  0.131763425580  0.062954195096 -0.748853953260 -0.177325998176 -0.132932627695  0.312615422763 -0.186682023670 -0.705339054554
      0.189497802537  0.085911973535 -0.210930323620  1.300969236640 -0.016882413378 -0.383867077982  0.200727667932  0.236167100944 -0.270988043507
      0.083802212693 -0.062285567387 -0.868201464922 -3.373816977234 -0.000916114554 -0.526274675338  0.047819428716  0.096109040144 -0.475221485624
      0.14 2.0447954577845295 -72.58864463691627 249.49475594028817 0.1116909681717178 -67.62591262048655 1.7269243821562752 136.4648800312142 80.78354915246727 
      0.17 -8.949166895820285 317.68844806657734 -1091.9283892388548 -0.4888220536284958 295.96876118778323 -7.557985544980783 -597.2465276016462 -353.55392689761703 
      0.2 15.242411980120718 -541.0937423703176 1859.7957279511297 0.8325721503589469 -504.1003083065923 12.872922223654074 1017.2430275775298 602.1805910760147 
      0.23 -11.727524985642743 416.3179942583195 -1430.9284446703275 -0.6405817339420533 387.8552140334518 -9.904437513763044 -782.6676668984686 -463.31826858659326 
      0.26 3.4058470967063266 -120.90491674817675 415.56283144493636 0.18603443108589332 -112.63890345792726 2.876395470660369 227.2982922019304 134.55449311329406 

S DZVP-MOLOPT-SR-GTH_robust_2
 1
2 0 2 4 2 2 1
      2.215854692813  0.170962878400 -0.080726543800  0.092191824200  0.057845138800  0.113762894700
      1.131470525271  0.127069405600 -0.209877313900 -0.162197093800 -0.094737441500  0.350414093700
      0.410168143974 -0.733925381700  0.683497090800 -0.605594737600 -0.369172638100  0.866785684700
      0.140587330023 -0.176971633900 -0.625512739500 -0.213309789800  1.155699504700  0.217880463100

Mo DZVP-MOLOPT-SR-GTH_robust_2
 1
2 0 3 8 3 2 2 1
      2.540273246178 -0.578530819221  0.207479779241 -0.299914438061  0.307100812758 -0.056135943926 -0.149151531382  0.078318936957  0.090482429273
      1.999996221023  0.255133124027 -0.231957971109 -0.417466028636 -0.375633370985  0.137590516968  0.289650418561 -0.193587305622 -0.158221499177
      0.894040376874  0.676100594670  0.285544120446  0.515341081590 -0.244205356948  0.160869646404  0.207391250228 -0.376645017726 -0.294586192143
      0.439256605865  0.131763425580  0.062954195096 -0.748853953260 -0.177325998176 -0.132932627695  0.312615422763 -0.186682023670 -0.705339054554
      0.189497802537  0.085911973535 -0.210930323620  1.300969236640 -0.016882413378 -0.383867077982  0.200727667932  0.236167100944 -0.270988043507
      0.083802212693 -0.062285567387 -0.868201464922 -3.373816977234 -0.000916114554 -0.526274675338  0.047819428716  0.096109040144 -0.475221485624
      0.1 0.06031502399175114 -2.1411363303535147 7.359309281065651 0.003294531684962764 -1.9947513706764708 0.05093882869563356 4.025284036004278 2.382860195977268 
      0.13 -0.04484321737913704 1.591899257364828 -5.471524074934655 -0.0024494295240841623 1.483064474032376 -0.03787217209014659 -2.99273174564262 -1.7716169319092956 

S DZVP-MOLOPT-SR-GTH_robust_3
 1
2 0 2 4 2 2 1
      2.215854692813  0.170962878400 -0.080726543800  0.092191824200  0.057845138800  0.113762894700
      1.131470525271  0.127069405600 -0.209877313900 -0.162197093800 -0.094737441500  0.350414093700
      0.410168143974 -0.733925381700  0.683497090800 -0.605594737600 -0.369172638100  0.866785684700
      0.140587330023 -0.176971633900 -0.625512739500 -0.213309789800  1.155699504700  0.217880463100

Mo DZVP-MOLOPT-SR-GTH_robust_3
 1
2 0 3 8 3 2 2 1
      2.540273246178 -0.578530819221  0.207479779241 -0.299914438061  0.307100812758 -0.056135943926 -0.149151531382  0.078318936957  0.090482429273
      1.999996221023  0.255133124027 -0.231957971109 -0.417466028636 -0.375633370985  0.137590516968  0.289650418561 -0.193587305622 -0.158221499177
      0.894040376874  0.676100594670  0.285544120446  0.515341081590 -0.244205356948  0.160869646404  0.207391250228 -0.376645017726 -0.294586192143
      0.439256605865  0.131763425580  0.062954195096 -0.748853953260 -0.177325998176 -0.132932627695  0.312615422763 -0.186682023670 -0.705339054554
      0.189497802537  0.085911973535 -0.210930323620  1.300969236640 -0.016882413378 -0.383867077982  0.200727667932  0.236167100944 -0.270988043507
      0.083802212693 -0.062285567387 -0.868201464922 -3.373816977234 -0.000916114554 -0.526274675338  0.047819428716  0.096109040144 -0.475221485624
      0.13 0.09471157197831793 -3.362186968464153 11.55618790402335 0.005173342463693192 -3.1323213607361082 0.07998830508891976 6.320829429850395 3.7417615053329842 
      0.16 -0.07965947981001634 2.827849431040843 -9.719613958387727 -0.00435116597611969 2.634515349942271 -0.06727611675294456 -5.316287902654522 -3.147099861843754 

S DZVP-MOLOPT-SR-GTH_robust_4
 1
2 0 2 4 2 2 1
      2.215854692813  0.170962878400 -0.080726543800  0.092191824200  0.057845138800  0.113762894700
      1.131470525271  0.127069405600 -0.209877313900 -0.162197093800 -0.094737441500  0.350414093700
      0.410168143974 -0.733925381700  0.683497090800 -0.605594737600 -0.369172638100  0.866785684700
      0.140587330023 -0.176971633900 -0.625512739500 -0.213309789800  1.155699504700  0.217880463100

Mo DZVP-MOLOPT-SR-GTH_robust_4
 1
2 0 3 9 3 2 2 1
      2.540273246178 -0.578530819221  0.207479779241 -0.299914438061  0.307100812758 -0.056135943926 -0.149151531382  0.078318936957  0.090482429273
      1.999996221023  0.255133124027 -0.231957971109 -0.417466028636 -0.375633370985  0.137590516968  0.289650418561 -0.193587305622 -0.158221499177
      0.894040376874  0.676100594670  0.285544120446  0.515341081590 -0.244205356948  0.160869646404  0.207391250228 -0.376645017726 -0.294586192143
      0.439256605865  0.131763425580  0.062954195096 -0.748853953260 -0.177325998176 -0.132932627695  0.312615422763 -0.186682023670 -0.705339054554
      0.189497802537  0.085911973535 -0.210930323620  1.300969236640 -0.016882413378 -0.383867077982  0.200727667932  0.236167100944 -0.270988043507
      0.083802212693 -0.062285567387 -0.868201464922 -3.373816977234 -0.000916114554 -0.526274675338  0.047819428716  0.096109040144 -0.475221485624
      0.13 0.515514187230896 -18.300351753879635 62.90022106479149 0.02815845392206573 -17.04919543300908 0.4353755853121227 34.40421458636975 20.366372354955445 
      0.15 -0.9731983658375097 34.54778328564277 -118.74434082966486 -0.053158112851686055 32.18582445494791 -0.8219110523946282 -64.9489892668688 -38.448059791230094 
      0.16999999999999998 0.4743202153189533 -16.837997865662903 57.8739579589859 0.025908353752795762 -15.686819585389525 0.4005853698791956 31.655024972527777 18.738925833561396 

S DZVP-MOLOPT-SR-GTH_robust_5
 1
2 0 2 4 2 2 1
      2.215854692813  0.170962878400 -0.080726543800  0.092191824200  0.057845138800  0.113762894700
      1.131470525271  0.127069405600 -0.209877313900 -0.162197093800 -0.094737441500  0.350414093700
      0.410168143974 -0.733925381700  0.683497090800 -0.605594737600 -0.369172638100  0.866785684700
      0.140587330023 -0.176971633900 -0.625512739500 -0.213309789800  1.155699504700  0.217880463100

Mo DZVP-MOLOPT-SR-GTH_robust_5
 1
2 0 3 9 3 2 2 1
      2.540273246178 -0.578530819221  0.207479779241 -0.299914438061  0.307100812758 -0.056135943926 -0.149151531382  0.078318936957  0.090482429273
      1.999996221023  0.255133124027 -0.231957971109 -0.417466028636 -0.375633370985  0.137590516968  0.289650418561 -0.193587305622 -0.158221499177
      0.894040376874  0.676100594670  0.285544120446  0.515341081590 -0.244205356948  0.160869646404  0.207391250228 -0.376645017726 -0.294586192143
      0.439256605865  0.131763425580  0.062954195096 -0.748853953260 -0.177325998176 -0.132932627695  0.312615422763 -0.186682023670 -0.705339054554
      0.189497802537  0.085911973535 -0.210930323620  1.300969236640 -0.016882413378 -0.383867077982  0.200727667932  0.236167100944 -0.270988043507
      0.083802212693 -0.062285567387 -0.868201464922 -3.373816977234 -0.000916114554 -0.526274675338  0.047819428716  0.096109040144 -0.475221485624
      0.15 0.28731434214364915 -10.199435156977154 35.05652430827526 0.0156937051681508 -9.502121360084915 0.24265025672965962 19.174689127274014 11.350901720956417 
      0.19 -0.5386422917364483 19.121381433248136 -65.72218585692097 -0.02942175895062864 17.81409305072218 -0.45490833976521156 -35.947730342277765 -21.280092287193558 
      0.23 0.26822039569246975 -9.521614943525261 32.72678541354228 0.014650754218102335 -8.870642280174042 0.22652453542457904 17.900403671551334 10.596558905991124 

S DZVP-MOLOPT-SR-GTH_robust_6
 1
2 0 2 4 2 2 1
      2.215854692813  0.170962878400 -0.080726543800  0.092191824200  0.057845138800  0.113762894700
      1.131470525271  0.127069405600 -0.209877313900 -0.162197093800 -0.094737441500  0.350414093700
      0.410168143974 -0.733925381700  0.683497090800 -0.605594737600 -0.369172638100  0.866785684700
      0.140587330023 -0.176971633900 -0.625512739500 -0.213309789800  1.155699504700  0.217880463100

Mo DZVP-MOLOPT-SR-GTH_robust_6
 1
2 0 3 9 3 2 2 1
      2.540273246178 -0.578530819221  0.207479779241 -0.299914438061  0.307100812758 -0.056135943926 -0.149151531382  0.078318936957  0.090482429273
      1.999996221023  0.255133124027 -0.231957971109 -0.417466028636 -0.375633370985  0.137590516968  0.289650418561 -0.193587305622 -0.158221499177
      0.894040376874  0.676100594670  0.285544120446  0.515341081590 -0.244205356948  0.160869646404  0.207391250228 -0.376645017726 -0.294586192143
      0.439256605865  0.131763425580  0.062954195096 -0.748853953260 -0.177325998176 -0.132932627695  0.312615422763 -0.186682023670 -0.705339054554
      0.189497802537  0.085911973535 -0.210930323620  1.300969236640 -0.016882413378 -0.383867077982  0.200727667932  0.236167100944 -0.270988043507
      0.13 -0.2086587361680471 -2.908503976278815 -11.302399834586376 -0.0030690144288978787 -1.7630377829101365 0.16019668727046285 0.3219685023686038 -1.592007888024822 
      0.16 0.14782772291988758 2.060577610181928 8.007371566419353 0.00217429388754118 1.2490531940126044 -0.11349398512329495 -0.22810389553373378 1.127884244289063 
      0.13 0.09471157197831793 -3.362186968464153 11.55618790402335 0.005173342463693192 -3.1323213607361082 0.07998830508891976 6.320829429850395 3.7417615053329842 
      0.16 -0.07965947981001634 2.827849431040843 -9.719613958387727 -0.00435116597611969 2.634515349942271 -0.06727611675294456 -5.316287902654522 -3.147099861843754 

S DZVP-MOLOPT-SR-GTH_robust_7
 1
2 0 2 4 2 2 1
      2.215854692813  0.170962878400 -0.080726543800  0.092191824200  0.057845138800  0.113762894700
      1.131470525271  0.127069405600 -0.209877313900 -0.162197093800 -0.094737441500  0.350414093700
      0.410168143974 -0.733925381700  0.683497090800 -0.605594737600 -0.369172638100  0.866785684700
      0.140587330023 -0.176971633900 -0.625512739500 -0.213309789800  1.155699504700  0.217880463100

Mo DZVP-MOLOPT-SR-GTH_robust_7
 1
2 0 3 7 3 2 2 1
      2.540273246178 -0.578530819221  0.207479779241 -0.299914438061  0.307100812758 -0.056135943926 -0.149151531382  0.078318936957  0.090482429273
      1.999996221023  0.255133124027 -0.231957971109 -0.417466028636 -0.375633370985  0.137590516968  0.289650418561 -0.193587305622 -0.158221499177
      0.894040376874  0.676100594670  0.285544120446  0.515341081590 -0.244205356948  0.160869646404  0.207391250228 -0.376645017726 -0.294586192143
      0.439256605865  0.131763425580  0.062954195096 -0.748853953260 -0.177325998176 -0.132932627695  0.312615422763 -0.186682023670 -0.705339054554
      0.189497802537  0.085911973535 -0.210930323620  1.300969236640 -0.016882413378 -0.383867077982  0.200727667932  0.236167100944 -0.270988043507
      0.13 -0.11394716418972915 -6.270690944742968 0.25378806943697363 0.0021043280347953137 -4.895359143646244 0.24018499235938262 6.642797932218999 2.1497536173081624 
      0.16 0.06816824310987124 4.888427041222771 -1.712242391968374 -0.00217687208857851 3.8835685439548753 -0.18077010187623951 -5.544391798188256 -2.019215617554691 

S DZVP-MOLOPT-SR-GTH_robust_8
 1
2 0 2 4 2 2 1
      2.215854692813  0.170962878400 -0.080726543800  0.092191824200  0.057845138800  0.113762894700
      1.131470525271  0.127069405600 -0.209877313900 -0.162197093800 -0.094737441500  0.350414093700
      0.410168143974 -0.733925381700  0.683497090800 -0.605594737600 -0.369172638100  0.866785684700
      0.140587330023 -0.176971633900 -0.625512739500 -0.213309789800  1.155699504700  0.217880463100

Mo DZVP-MOLOPT-SR-GTH_robust_8
 1
2 0 3 7 3 2 2 1
      2.540273246178 -0.578530819221  0.207479779241 -0.299914438061  0.307100812758 -0.056135943926 -0.149151531382  0.078318936957  0.090482429273
      1.999996221023  0.255133124027 -0.231957971109 -0.417466028636 -0.375633370985  0.137590516968  0.289650418561 -0.193587305622 -0.158221499177
      0.894040376874  0.676100594670  0.285544120446  0.515341081590 -0.244205356948  0.160869646404  0.207391250228 -0.376645017726 -0.294586192143
      0.439256605865  0.131763425580  0.062954195096 -0.748853953260 -0.177325998176 -0.132932627695  0.312615422763 -0.186682023670 -0.705339054554
      0.189497802537  0.085911973535 -0.210930323620  1.300969236640 -0.016882413378 -0.383867077982  0.200727667932  0.236167100944 -0.270988043507
      0.12 -0.09019761302579948 -5.354615755310677 0.737351377163888 0.0019813226932307725 -4.2033431180673295 0.20287230331868533 5.798149872497614 1.953736486669809 
      0.15 0.044190377338453726 3.962598546479066 -2.199155202315332 -0.002051919944120165 3.184104784284436 -0.14306783657653416 -4.69031628316586 -1.8207036812395807 

S DZVP-MOLOPT-SR-GTH_robust_9
 1
2 0 2 4 2 2 1
      2.215854692813  0.170962878400 -0.080726543800  0.092191824200  0.057845138800  0.113762894700
      1.131470525271  0.127069405600 -0.209877313900 -0.162197093800 -0.094737441500  0.350414093700
      0.410168143974 -0.733925381700  0.683497090800 -0.605594737600 -0.369172638100  0.866785684700
      0.140587330023 -0.176971633900 -0.625512739500 -0.213309789800  1.155699504700  0.217880463100

Mo DZVP-MOLOPT-SR-GTH_robust_9
 1
2 0 3 7 3 2 2 1
      2.540273246178 -0.578530819221  0.207479779241 -0.299914438061  0.307100812758 -0.056135943926 -0.149151531382  0.078318936957  0.090482429273
      1.999996221023  0.255133124027 -0.231957971109 -0.417466028636 -0.375633370985  0.137590516968  0.289650418561 -0.193587305622 -0.158221499177
      0.894040376874  0.676100594670  0.285544120446  0.515341081590 -0.244205356948  0.160869646404  0.207391250228 -0.376645017726 -0.294586192143
      0.439256605865  0.131763425580  0.062954195096 -0.748853953260 -0.177325998176 -0.132932627695  0.312615422763 -0.186682023670 -0.705339054554
      0.189497802537  0.085911973535 -0.210930323620  1.300969236640 -0.016882413378 -0.383867077982  0.200727667932  0.236167100944 -0.270988043507
      0.12 -0.10880071911246417 -7.082733079614552 1.745426820086987 0.0028935384752851543 -5.594131904035905 0.26505581170082293 7.855470582026016 2.758869209891748 
      0.14 0.06272704285098399 5.68720629096385 -3.207284059969213 -0.0029630272069859367 4.5721624227759765 -0.20511608315295515 -6.743966374440808 -2.6246775431777514 

S DZVP-MOLOPT-SR-GTH_robust_10
 1
2 0 2 4 2 2 1
      2.215854692813  0.170962878400 -0.080726543800  0.092191824200  0.057845138800  0.113762894700
      1.131470525271  0.127069405600 -0.209877313900 -0.162197093800 -0.094737441500  0.350414093700
      0.410168143974 -0.733925381700  0.683497090800 -0.605594737600 -0.369172638100  0.866785684700
      0.140587330023 -0.176971633900 -0.625512739500 -0.213309789800  1.155699504700  0.217880463100

Mo DZVP-MOLOPT-SR-GTH_robust_10
 1
2 0 3 7 3 2 2 1
      2.540273246178 -0.578530819221  0.207479779241 -0.299914438061  0.307100812758 -0.056135943926 -0.149151531382  0.078318936957  0.090482429273
      1.999996221023  0.255133124027 -0.231957971109 -0.417466028636 -0.375633370985  0.137590516968  0.289650418561 -0.193587305622 -0.158221499177
      0.894040376874  0.676100594670  0.285544120446  0.515341081590 -0.244205356948  0.160869646404  0.207391250228 -0.376645017726 -0.294586192143
      0.439256605865  0.131763425580  0.062954195096 -0.748853953260 -0.177325998176 -0.132932627695  0.312615422763 -0.186682023670 -0.705339054554
      0.189497802537  0.085911973535 -0.210930323620  1.300969236640 -0.016882413378 -0.383867077982  0.200727667932  0.236167100944 -0.270988043507
      0.13 -0.14324032177125018 -8.426835236719285 1.065732231827944 0.003084575254299806 -6.610810311293753 0.319675122055555 9.101973887682007 3.053231511799942 
      0.15 0.0973815642596425 7.040941109213124 -2.5250562694135894 -0.003156261169612019 5.596230876942588 -0.260116840222997 -7.999967732014329 -2.9216794658435474 

S TZVP-MOLOPT-GTH_robust_9
 1
2 0 2 7 3 3 1
      3.817590656735  0.075558928000 -0.045713227100 -0.334102726000 -0.019219238100  0.001714015800 -0.065081716400  0.007498037400
      2.362751931093 -0.351216488200  0.179094296600  0.901078536300 -0.035664835200  0.064608303200  0.216735258500  0.104757185100
      0.861004180298 -0.099160602500  0.206133423700  0.139445328400  0.160834397000 -0.170453754100 -0.656181270900  0.344818199900
      0.417524512433  0.862753116400 -0.737640763800 -0.236533973000  0.507608206800 -0.536548069500  0.847619826200  0.472319101700
      0.181513540673  0.307053614900  0.419230078700  0.259546805900  0.249563613200  0.786543640200  0.204233835000  0.204745694800
      0.12 0.007699853904297237 1.7383210360884878 -1.8311104856802132 0.12555923910237357 3.5792168399341024 -1.648570085703558 -0.09644959282346463 
      0.14 -0.006153719788131861 -1.389265392676295 1.4634226791884188 -0.10034688759689864 -2.860508493755315 1.31753647336795 0.0770824713419268 

Mo TZVP-MOLOPT-GTH_robust_9
 1
2 0 3 7 4 3 3 1
         2.54468372351744    -1.79450200836521E-01    -3.63746429788612E-01     5.85912168084516E-01    -2.67579864987749E-02     5.42574717418136E-01     3.56825721519468E-01    -2.64875462715201E-02    -7.97002614306775E-01     3.98125017561980E-02     9.29961534423137E-03     5.75463917959844E-03
         2.31624458403262     3.03753876708485E-01     2.33295852185351E-01     4.46717429362323E-01     6.71892245298559E-01    -5.10624173422084E-01    -4.06373024226742E-01     8.75616825067057E-02     3.49774394277804E-01     5.32986808659549E-01    -1.35321118574408E-01    -7.26397610650623E-03
         1.08341339475384     7.84409967953886E-01     1.76670659955598E-01    -1.01626154979829E-01     1.78234350977210E-02    -2.30611165110333E-01    -1.82571478376935E-01     5.76690608929230E-02     4.62890718563381E-01    -1.35769358420434E-01    -5.53186202715378E-02    -2.37520578386779E-01
         0.49304953123563     5.85373490065598E-02     3.06436923214911E-01    -3.69936652989199E-01    -2.24070925057975E-01    -2.97922438054167E-01    -2.75030019805118E-02    -2.89282950731336E-01    -1.55232248774799E-01     7.43099533486818E-01    -2.85809787354583E-01    -6.76563209484635E-01
         0.17115655125569     4.88431935723133E-01    -3.97917325684472E-01     2.78325964497559E-01    -5.51109948099223E-01    -4.96533437243876E-01     7.27613927221704E-01    -3.87591895701720E-01     6.38511915028553E-02     3.70274167997928E-01     5.83318428278563E-01    -6.82661280431064E-01
      0.12 0.8628335512801447 -4.650241996783943 -3.0805759967239252 2.8110341585917085 -1.5171239280604387 2.424579433662252 5.549010878688625 -0.010809751566298952 0.5192938951275364 4.7663489329486 -0.8974762927546693 
      0.14 -0.7344951559652535 3.958562130130964 2.622369220366482 -2.392919201710677 1.2914659780048037 -2.063945991246808 -4.723647573449523 0.00920190244208124 -0.4420538004434471 -4.0573992489013015 0.7639851146770393 

Mo TZVP-MOLOPT-SR-GTH_robust_9
 1
2 0 3 7 4 3 3 1
      2.54027325 -0.65227950  0.10428684  0.09975416  0.07859342  0.53134951  0.04318302  0.08676828 -0.25566595  0.14906536  0.01368130  0.10155131
      1.99999622  0.42176470 -0.27351727 -0.41870451  0.32739264 -0.69149528  0.04469464  0.01112396  0.49550220 -0.28650550  0.02537894 -0.15779649
      0.89404038  0.57037551  0.31293142  0.55221418 -0.25078936 -0.42766148 -0.16814611 -0.00216873  0.36867389 -0.22622605  0.65952656 -0.42501398
      0.43925661  0.25070898  0.07242327 -0.43545118  0.13520490 -0.13369209 -0.11448261 -0.65471603  0.51040400 -0.31475269 -0.33534947 -0.74317833
      0.18949780  0.05897561 -0.60445662  0.21592943 -0.38961992  0.11299613 -0.85128438 -0.12840758  0.50659864  0.67910446 -0.06271397 -0.45228422
      0.12 -0.2779887531654621 -5.214855364246212 1.4623044220076824 0.7930094742489855 -0.2669669035377852 -3.748394569773434 3.0413801905578035 1.3768542654254228 4.0087104441676304 -0.08850153531609362 -0.8848968607405081 
      0.14 0.20488738840528106 4.366262063376129 -1.4404886435234945 -1.0219884075471832 0.2936036167982182 3.132872639660604 -2.822659454699424 -1.1184979610373724 -3.413931619923271 -0.22597751239716923 0.685327460283458 

Mo TZVP-MOLOPT-SR-GTH_robust_10
 1
2 0 3 7 4 3 3 1
      2.54027325 -0.65227950  0.10428684  0.09975416  0.07859342  0.53134951  0.04318302  0.08676828 -0.25566595  0.14906536  0.01368130  0.10155131
      1.99999622  0.42176470 -0.27351727 -0.41870451  0.32739264 -0.69149528  0.04469464  0.01112396  0.49550220 -0.28650550  0.02537894 -0.15779649
      0.89404038  0.57037551  0.31293142  0.55221418 -0.25078936 -0.42766148 -0.16814611 -0.00216873  0.36867389 -0.22622605  0.65952656 -0.42501398
      0.43925661  0.25070898  0.07242327 -0.43545118  0.13520490 -0.13369209 -0.11448261 -0.65471603  0.51040400 -0.31475269 -0.33534947 -0.74317833
      0.18949780  0.05897561 -0.60445662  0.21592943 -0.38961992  0.11299613 -0.85128438 -0.12840758  0.50659864  0.67910446 -0.06271397 -0.45228422
      0.11 -0.21859883404692979 -4.3606562516965415 1.3302450205983052 0.841127615485409 -0.2580818442141605 -3.131638784517822 2.6805251379476633 1.134266495108801 3.380690523265021 0.07519809420193346 -0.7123177821172232 
      0.13 0.14509062696991853 3.505305309802056 -1.306895873605209 -1.0696778192114207 0.2844898359813668 2.5112502175549904 -2.458325249941057 -0.8740686157687471 -2.780813290326348 -0.3902937854261186 0.5115087315323181 

Mo TZVP-MOLOPT-SR-GTH_robust_11
 1
2 0 3 7 4 3 3 1
      2.54027325 -0.65227950  0.10428684  0.09975416  0.07859342  0.53134951  0.04318302  0.08676828 -0.25566595  0.14906536  0.01368130  0.10155131
      1.99999622  0.42176470 -0.27351727 -0.41870451  0.32739264 -0.69149528  0.04469464  0.01112396  0.49550220 -0.28650550  0.02537894 -0.15779649
      0.89404038  0.57037551  0.31293142  0.55221418 -0.25078936 -0.42766148 -0.16814611 -0.00216873  0.36867389 -0.22622605  0.65952656 -0.42501398
      0.43925661  0.25070898  0.07242327 -0.43545118  0.13520490 -0.13369209 -0.11448261 -0.65471603  0.51040400 -0.31475269 -0.33534947 -0.74317833
      0.18949780  0.05897561 -0.60445662  0.21592943 -0.38961992  0.11299613 -0.85128438 -0.12840758  0.50659864  0.67910446 -0.06271397 -0.45228422
      0.07 -0.02789069039261228 -1.4199652669401122 0.768965725979645 0.8301248080629997 -0.19291532274488588 -1.011120670201105 1.3019563100003453 0.3160540641931197 1.1902576669645957 0.49069068660703763 -0.14561312783588998 
      0.09 -0.046578044170648335 0.5391342585436779 -0.73538657662874 -1.049690029935847 0.21701861179858023 0.3724966074311793 -1.060953807553468 -0.04961847459284681 -0.5699723045861091 -0.8019355915629862 -0.058726338044072283 

Mo TZVP-MOLOPT-SR-GTH_robust_12
 1
2 0 3 7 4 3 3 1
      2.54027325 -0.65227950  0.10428684  0.09975416  0.07859342  0.53134951  0.04318302  0.08676828 -0.25566595  0.14906536  0.01368130  0.10155131
      1.99999622  0.42176470 -0.27351727 -0.41870451  0.32739264 -0.69149528  0.04469464  0.01112396  0.49550220 -0.28650550  0.02537894 -0.15779649
      0.89404038  0.57037551  0.31293142  0.55221418 -0.25078936 -0.42766148 -0.16814611 -0.00216873  0.36867389 -0.22622605  0.65952656 -0.42501398
      0.43925661  0.25070898  0.07242327 -0.43545118  0.13520490 -0.13369209 -0.11448261 -0.65471603  0.51040400 -0.31475269 -0.33534947 -0.74317833
      0.18949780  0.05897561 -0.60445662  0.21592943 -0.38961992  0.11299613 -0.85128438 -0.12840758  0.50659864  0.67910446 -0.06271397 -0.45228422
      0.1 -0.2422158057336205 -5.9408544779204195 2.243544437497815 1.8602731838602882 -0.4914295051018493 -4.2553764611633484 4.202952127029562 1.47684873675237 4.720584953696693 0.7011751960144998 -0.859562185030023 
      0.11 0.16823064631392623 5.076076489648267 -2.217353457667161 -2.0870612322639177 0.5172905711588767 3.628216915183592 -3.975000746415642 -1.2141933654317931 -4.113408242087889 -1.0161554494298297 0.657204488434549 

Mo TZV2P-MOLOPT-SR-GTH_robust_12
 1
2 0 3 7 4 3 3 2
      2.54027325 -0.60367685  0.18419515  0.05359046 -0.04176472  0.53350784 -0.08169447 -0.04959995 -0.26124187  0.12171173  0.06897349  0.10751295  0.03916506
      1.99999622  0.21104974 -0.07111059 -0.39660581  0.37346679 -0.64235584  0.25035392  0.17149171  0.51006916 -0.24555715 -0.07691197 -0.16500257 -0.06265111
      0.89404038  0.63213782 -0.09522737  0.21530058  0.34695192 -0.43751260 -0.05062829  0.12757580  0.41639819 -0.31248174  0.52285715 -0.53832451  0.53492090
      0.43925661  0.33554497  0.27658837 -0.02502313 -0.57577900 -0.32287278 -0.33113607 -0.65231424  0.50912595 -0.24394803 -0.35905781 -0.70735410 -0.18677323
      0.18949780  0.05449189 -0.62564460  0.50684337 -0.40763172 -0.08233960 -0.84935120  0.14300786  0.46369958  0.72118411  0.05393022 -0.32639587 -0.52719796
      0.1 -2.355144464228218 -2.601900630506471 3.1032516641757057 4.125239846420626 -0.13581999396174246 -2.5645882354411933 5.53990556776968 1.3004063562782298 4.24817487718008 2.2022938464294493 0.3425921173466173 -5.620092702062582 
      0.11 1.9787802765935227 1.8495817551369613 -3.0731297429219984 -3.657505444713299 0.11167714605659924 2.133855212448567 -4.989276614029493 -1.0872943682279343 -3.5676959709908123 -2.3458880152694537 -0.4508692189994499 4.8581321841177045 

S TZV2P-MOLOPT-GTH_robust_12
 1
2 0 2 7 3 3 2
      3.817590656735  0.075558928000 -0.045713227100 -0.334102726000 -0.019219238100  0.001714015800 -0.065081716400  0.007498037400 -0.024661974800
      2.362751931093 -0.351216488200  0.179094296600  0.901078536300 -0.035664835200  0.064608303200  0.216735258500  0.104757185100  0.042689758500
      0.861004180298 -0.099160602500  0.206133423700  0.139445328400  0.160834397000 -0.170453754100 -0.656181270900  0.344818199900 -0.325440208500
      0.417524512433  0.862753116400 -0.737640763800 -0.236533973000  0.507608206800 -0.536548069500  0.847619826200  0.472319101700  0.746641212400
      0.181513540673  0.307053614900  0.419230078700  0.259546805900  0.249563613200  0.786543640200  0.204233835000  0.204745694800 -0.120502819400
      0.1 0.004940226025489888 1.115306722683161 -1.1748404306549567 0.08055880390250952 2.296425413168663 -1.0577225157079313 -0.06188205575542943 -0.4907032027548891 
      0.12000000000000001 -0.0033723466263987606 -0.7613418584967363 0.8019813551917859 -0.05499185850315573 -1.5676089423677266 0.7220331497200955 0.04224254940658274 0.3349687406679779 

